find 2 clusters
50 points
788568320 29322278
788526784 29955432
794575728 21343066
785976872 29255160
786187256 30914545
794252964 22625086
787242964 29286898
794632492 23731030
793850236 24099379
795880706 22718335
794195778 22540214
795623714 22584255
784960098 28938221
794732898 21170136
794684498 21602704
788441650 29825308
793964210 21977351
786111770 28398243
793461158 20713488
793184278 22158437
788723734 29806572
788263566 28305766
793920302 22872334
793248606 23392682
787013441 30653012
785579713 29350179
787485793 27352803
785936977 28758048
788292305 27859145
786390409 28621231
786871369 31056205
792547369 21949816
788134649 28478924
785320953 28441454
792575685 21314853
793403509 21750258
794538797 22659287
786057133 29344239
794319261 20860396
796004829 22927657
793925251 21335937
788810435 28354017
788667939 28667078
794949515 23728951
794953675 22485018
786810875 30359734
788671815 29993977
785227919 28771415
785076975 28566261
794556031 20634014
